b  
   6101   64904 2524607
b  
   6101   64904 2524607
b  
   6101   64904 2524607
b  
   6101   64904 2524607
b  
   6101   64904 2524607
b  
   6101   64904 2524607
b  
   6101   64904 2524607
b  
   6101   64904 2524607
b  
   6101   64904 2524607
b  
   6101   64904 2524607
b  
   6101   64904 2524607
b  
   6101   64904 2524607
b  
   6101   64904 2524607
b  
   6101   64904 2524607
b  
   6101   64904 2524607
b  
   6101   64904 2524607
b  
   6101   64904 2524607
b  
   6101   64904 2524607
b  
   6101   64904 2524607
b  
   6101   64904 2524607
b  
   6101   64904 2524607
b  
   6101   64904 2524607
b  
   6101   64904 2524607
b  
   6101   64904 2524607
b  
   6101   64904 2524607
b  
   6101   64904 2524607
b  
   6101   64904 2524607
b  
   6101   64904 2524607
b  
   6101   64904 2524607
b  
   6101   64904 2524607
b  
   6101   64904 2524607
b  
   6101   64904 2524607
b  
   6101   64904 2524607
b  
   6101   64904 2524607
b  
   6101   64904 2524607
b  
   6101   64904 2524607
b  
   6101   64904 2524607
b  
   6101   64904 2524607
b  
   6101   64904 2524607
